35
13
51
60
1
44
53
24
1
45
15
6
45
15
6
1
1
44
53
24
1
45
15
6
35
46
56
15
6
1
45
15
15
6
1
45
44
53
24
1
24
1
44
30
1
45
15
6
30
24
1
44
24
1
44
30
45
15
6
1
17
38
49
11
24
1
44
30
24
1
44
53
24
1
44
53
30
24
1
44
33
42
14
24
33
42
14
24
45
15
6
1
1
45
15
6
30
24
1
44
24
1
44
53
1
44
30
24
57
25
9
41
1
45
15
6
1
45
15
6
42
36
12
57
6
1
45
15
24
1
44
53
24
1
44
30
1
45
15
6
1
45
15
6
44
53
24
1
30
24
1
44
1
44
30
24
53
24
1
44
1
44
53
24
27
28
30
31
53
24
1
44
24
1
44
30
45
15
6
1
30
24
1
44
1
45
15
6
26
22
14
2
35
13
18
60
45
15
6
1
30
1
44
7
6
1
45
15
6
1
45
15
53
24
1
44
24
1
44
53
30
24
1
44
1
44
30
24
44
53
24
1
53
24
1
44
44
30
24
1
30
24
1
44
1
44
30
24
1
44
30
24
41
16
29
51
1
44
30
24
38
23
22
7
44
53
24
1
1
45
15
6
30
24
1
44
53
24
1
44
6
1
45
15
24
1
44
53
35
46
56
15
5
33
42
14
54
7
38
23
1
45
15
6
44
30
24
1
6
1
45
15
53
24
1
44
44
53
24
1
1
44
53
24
1
44
30
24
44
30
24
1
1
44
53
24
45
15
6
1
6
1
45
15
1
44
53
24
42
47
37
32
51
60
35
13
29
28
30
31
6
1
45
15
24
1
44
53
44
53
24
1
44
30
24
1
38
49
11
17
44
30
24
1
24
1
44
30
24
1
44
30
1
44
53
24
53
24
1
44